240 246 0
239 245 0
245 239 0
238 243 0
243 238 0
236 245 0
235 236 0
236 235 1
232 237 0
237 232 0
244 229 0
226 233 0
226 228 0
233 226 0
225 234 0
234 225 0
223 224 0
224 223 0
225 223 0
222 231 0
231 222 0
221 242 0
242 221 0
220 241 1
241 220 0
219 238 0
218 246 0
240 218 0
246 218 0
217 242 0
217 221 0
221 217 0
242 217 1
216 220 0
220 216 0
215 230 0
230 215 0
214 245 1
235 214 0
236 214 0
239 214 0
245 214 0
213 228 0
213 226 0
226 213 0
228 213 0
212 221 0
212 242 0
212 220 0
220 212 0
221 212 0
241 212 0
242 212 0
211 234 0
211 215 0
215 211 0
234 211 0
210 216 0
216 210 0
209 244 0
209 229 0
229 209 0
244 209 0
208 245 0
207 208 0
207 224 0
205 218 0
205 246 0
206 205 0
218 205 0
240 205 0
204 220 1
204 216 1
204 241 0
204 210 0
210 204 0
216 204 0
220 204 0
241 204 0
202 223 0
202 225 0
223 202 0
225 202 0
201 233 0
201 226 0
233 201 0
199 235 0
214 199 0
235 199 0
236 199 0
217 198 0
197 246 0
197 227 0
246 197 0
196 199 1
199 196 0
195 196 1
195 199 0
195 242 0
196 195 0
199 195 0
217 195 0
242 195 0
194 218 1
194 240 1
194 205 0
194 246 0
205 194 0
218 194 0
240 194 0
193 243 1
193 238 0
219 193 0
238 193 0
243 193 0
192 230 0
203 192 0
230 192 0
191 212 1
191 220 0
191 204 0
191 221 0
191 241 0
204 191 0
212 191 0
220 191 0
221 191 0
241 191 0
190 242 0
190 195 0
190 217 0
190 196 0
195 190 1
196 190 0
198 190 0
199 190 0
217 190 0
221 190 0
242 190 0
189 203 0
189 192 0
192 189 0
203 189 0
188 198 0
188 196 0
188 190 0
190 188 0
196 188 0
198 188 0
187 232 1
187 237 1
232 187 0
237 187 0
186 239 1
186 245 0
239 186 0
245 186 0
185 188 0
185 198 1
185 190 0
185 217 0
185 196 0
185 242 0
188 185 0
190 185 0
196 185 0
198 185 0
217 185 0
242 185 0
184 230 0
184 192 0
184 215 0
192 184 0
215 184 0
230 184 0
183 204 0
183 220 0
204 183 0
216 183 0
220 183 0
182 237 0
182 186 0
182 187 0
186 182 0
187 182 0
232 182 0
237 182 0
239 182 0
181 201 0
201 181 0
233 181 0
180 222 0
180 234 0
211 180 0
222 180 0
234 180 0
179 246 1
179 197 0
179 232 0
197 179 0
218 179 0
232 179 0
246 179 0
178 199 0
178 195 0
178 241 0
178 235 0
178 196 0
195 178 0
199 178 0
235 178 0
241 178 0
177 241 0
177 191 0
177 220 0
177 212 0
177 242 0
177 195 0
178 177 0
191 177 0
212 177 0
220 177 0
221 177 0
241 177 0
176 186 1
176 182 0
176 239 0
182 176 0
186 176 0
239 176 0
175 195 1
175 177 1
175 178 0
175 241 0
175 242 0
175 196 0
175 190 0
175 199 0
177 175 0
178 175 0
191 175 0
195 175 0
199 175 0
212 175 0
220 175 0
241 175 0
242 175 0
174 236 0
174 235 0
174 178 0
174 199 0
235 174 0
236 174 0
173 206 0
173 205 0
205 173 0
206 173 0
172 192 0
192 172 0
171 217 0
171 227 0
171 198 0
170 223 0
170 202 0
223 170 0
224 170 0
169 170 0
169 223 0
169 202 0
170 169 1
202 169 0
223 169 0
168 187 0
168 237 0
168 232 0
168 182 0
187 168 0
167 183 0
183 167 0
166 200 1
200 166 0
165 231 1
165 222 0
166 165 0
200 165 0
222 165 0
231 165 0
164 215 1
164 230 0
164 211 0
164 234 0
164 184 0
211 164 0
215 164 0
230 164 0
163 184 1
163 230 0
163 215 0
163 164 0
163 192 0
164 163 0
184 163 0
215 163 0
230 163 0
162 227 1
162 197 0
162 171 0
171 162 0
197 162 0
227 162 0
161 246 0
161 205 0
161 179 0
161 173 0
173 161 0
194 161 0
205 161 0
206 161 0
218 161 0
240 161 0
246 161 0
160 206 1
160 173 0
160 205 0
160 161 0
160 218 0
173 160 0
205 160 0
206 160 0
240 160 0
159 209 0
159 238 0
159 193 0
159 229 0
193 159 0
209 159 0
229 159 0
238 159 0
158 192 0
158 230 0
158 172 0
158 184 0
158 163 0
163 158 0
172 158 0
184 158 0
192 158 0
215 158 0
230 158 0
157 181 0
181 157 0
156 163 0
156 184 0
156 230 0
156 215 1
156 164 0
156 158 0
156 192 0
158 156 0
163 156 1
164 156 0
184 156 0
215 156 0
230 156 0
155 189 1
155 172 0
155 192 0
155 219 0
158 155 0
172 155 0
189 155 0
192 155 0
203 155 0
154 180 0
154 211 0
153 198 0
153 188 0
188 153 0
198 153 0
227 153 0
152 231 1
152 222 0
152 165 0
154 152 0
165 152 0
180 152 0
222 152 0
231 152 0
151 224 0
151 207 0
207 151 0
224 151 0
150 226 1
150 213 0
150 228 0
150 233 0
213 150 0
226 150 0
228 150 0
233 150 0
149 225 1
149 202 1
149 234 0
149 223 0
202 149 0
223 149 0
225 149 0
234 149 0
148 152 0
148 222 1
148 231 0
148 165 0
152 148 1
154 148 0
165 148 0
180 148 0
222 148 0
231 148 0
147 148 1
147 152 0
147 222 0
147 231 0
147 165 0
148 147 0
152 147 0
154 147 0
165 147 0
180 147 0
222 147 0
231 147 0
146 157 1
146 181 0
157 146 0
181 146 0
145 171 0
145 162 0
145 197 0
171 145 0
144 200 1
144 166 0
166 144 0
200 144 0
143 209 0
143 229 1
143 159 0
143 244 0
159 143 0
209 143 0
229 143 0
244 143 0
142 203 0
142 189 0
142 192 0
189 142 0
203 142 0
141 143 1
141 209 0
141 159 0
141 229 0
141 244 0
143 141 0
159 141 0
209 141 1
229 141 0
244 141 0
140 142 1
140 192 1
140 184 0
140 189 0
140 203 0
140 155 0
142 140 0
156 140 0
163 140 0
184 140 0
189 140 0
192 140 0
203 140 0
139 222 1
139 147 0
139 148 0
139 152 0
139 180 0
139 231 0
139 165 0
147 139 0
148 139 0
152 139 0
154 139 0
165 139 0
180 139 0
222 139 0
231 139 0
138 170 0
138 169 0
138 223 0
169 138 0
170 138 0
224 138 0
137 229 0
137 167 0
136 144 1
136 200 0
136 166 0
136 181 0
144 136 0
166 136 0
181 136 0
200 136 0
228 136 0
135 153 0
135 188 0
135 198 0
153 135 0
186 135 0
188 135 0
198 135 0
214 135 0
239 135 0
245 135 0
134 182 1
134 237 0
134 176 0
134 227 0
176 134 0
182 134 0
187 134 0
227 134 0
232 134 0
237 134 0
133 180 1
133 139 1
133 222 0
133 147 0
133 148 0
133 152 0
133 231 0
139 133 0
147 133 0
148 133 0
154 133 0
180 133 0
211 133 0
132 210 0
210 132 0
244 132 0
131 189 1
131 203 1
131 155 0
131 142 0
131 219 0
142 131 0
155 131 0
189 131 0
203 131 0
130 133 1
130 180 0
130 211 0
130 139 0
130 154 1
130 234 0
130 222 0
133 130 0
154 130 0
180 130 0
211 130 0
129 165 0
129 200 0
129 166 0
129 231 0
129 152 0
129 147 0
144 129 0
147 129 0
148 129 0
152 129 0
165 129 0
166 129 0
200 129 0
231 129 0
128 166 1
128 200 0
128 144 0
128 129 0
128 136 0
128 165 0
129 128 0
136 128 0
144 128 0
166 128 0
200 128 0
228 128 0
127 234 1
127 149 0
127 202 0
127 225 0
149 127 0
202 127 0
211 127 0
225 127 0
234 127 0
126 145 1
126 197 0
126 171 0
145 126 0
162 126 0
171 126 0
197 126 0
125 135 1
125 214 0
125 245 0
125 153 0
125 188 0
135 125 0
153 125 0
186 125 0
214 125 0
239 125 0
245 125 0
124 183 0
124 132 0
124 210 0
132 124 0
183 124 0
210 124 0
123 243 0
123 193 0
123 219 0
172 123 0
219 123 0
122 134 0
122 227 0
122 176 0
122 153 0
122 182 0
134 122 0
153 122 0
176 122 0
182 122 0
227 122 0
237 122 0
121 181 1
121 136 0
121 228 0
121 201 0
136 121 0
181 121 0
201 121 0
226 121 0
228 121 0
233 121 0
120 123 0
120 243 0
120 137 0
120 193 0
123 120 0
119 126 1
119 197 0
119 145 0
119 161 0
126 119 0
145 119 0
161 119 0
173 119 0
197 119 0
206 119 0
118 151 1
118 157 0
118 146 0
146 118 0
151 118 0
157 118 0
117 208 1
117 239 0
117 245 0
207 117 0
208 117 0
116 188 0
116 125 1
116 135 0
116 198 0
116 185 0
116 153 0
116 196 0
125 116 0
135 116 0
153 116 0
185 116 0
188 116 0
196 116 0
198 116 0
214 116 0
245 116 0
115 146 1
115 157 0
115 181 0
115 118 0
118 115 0
121 115 0
146 115 0
157 115 0
181 115 0
114 203 1
114 142 1
114 189 0
114 131 0
114 140 0
114 155 0
131 114 0
140 114 0
142 114 0
189 114 0
203 114 0
113 145 1
113 171 1
113 126 0
113 162 0
113 119 0
113 197 0
126 113 0
145 113 0
162 113 0
171 113 0
112 137 1
112 120 0
112 243 0
112 229 0
120 112 0
137 112 0
111 245 1
111 239 0
111 214 0
111 186 0
111 125 0
111 135 0
111 176 0
117 111 0
186 111 0
208 111 0
214 111 0
239 111 0
245 111 0
110 118 1
110 157 0
110 146 0
110 115 0
110 151 0
115 110 0
118 110 0
146 110 0
151 110 0
157 110 0
109 243 0
109 193 0
109 238 0
109 123 1
109 219 0
120 109 0
123 109 0
193 109 0
219 109 0
238 109 0
243 109 0
108 183 1
108 167 0
108 220 0
108 241 0
108 204 0
124 108 0
167 108 0
183 108 0
204 108 0
220 108 0
241 108 0
107 192 1
107 158 1
107 155 0
107 172 0
107 140 0
107 189 0
107 184 0
114 107 0
131 107 0
140 107 0
142 107 0
155 107 0
158 107 0
172 107 0
184 107 0
189 107 0
192 107 0
203 107 0
230 107 0
106 183 0
106 124 0
106 108 0
106 210 0
106 216 0
106 204 0
106 220 0
108 106 0
124 106 0
132 106 0
167 106 0
183 106 0
204 106 0
210 106 0
216 106 0
105 200 1
105 144 0
105 129 0
105 136 0
105 165 0
105 166 0
105 128 0
110 105 0
118 105 0
136 105 0
144 105 0
200 105 0
104 172 1
104 155 0
104 123 0
104 107 0
104 158 0
104 219 0
104 109 0
107 104 0
123 104 0
155 104 0
158 104 0
172 104 0
103 197 0
103 246 0
103 161 0
103 119 0
103 179 0
103 126 0
119 103 0
126 103 0
161 103 0
173 103 0
179 103 0
197 103 0
218 103 0
246 103 0
102 106 1
102 124 1
102 183 1
102 108 0
102 210 0
102 216 0
102 204 0
102 132 0
106 102 0
108 102 0
124 102 0
132 102 0
167 102 0
183 102 0
210 102 0
216 102 0
101 102 1
101 106 0
101 124 0
101 183 0
101 108 0
101 210 0
101 216 0
101 204 0
101 132 0
102 101 0
106 101 0
108 101 0
124 101 0
132 101 0
167 101 0
183 101 0
210 101 0
216 101 0
100 236 1
100 235 0
100 208 1
100 245 0
100 111 0
100 214 0
111 100 0
117 100 0
174 100 0
208 100 0
235 100 0
236 100 0
245 100 0
99 238 0
99 193 1
99 109 0
99 243 0
99 219 0
109 99 0
193 99 0
219 99 0
238 99 0
243 99 0
98 165 1
98 129 0
98 222 0
98 147 0
98 148 0
98 152 0
98 105 0
98 231 0
105 98 0
129 98 0
139 98 0
147 98 0
148 98 0
152 98 0
165 98 0
222 98 0
231 98 0
97 129 1
97 166 1
97 128 0
97 200 0
97 165 0
97 231 0
97 98 0
97 144 0
97 152 0
98 97 0
105 97 0
128 97 0
129 97 0
136 97 0
144 97 0
152 97 0
165 97 0
166 97 0
200 97 0
231 97 0
96 213 1
96 228 0
96 150 0
96 128 0
96 166 0
150 96 0
213 96 0
228 96 0
95 123 1
95 104 0
95 172 0
95 120 0
95 109 0
95 243 0
104 95 1
120 95 0
123 95 0
172 95 0
94 109 0
94 99 1
94 193 0
94 243 0
94 238 0
94 219 1
95 94 0
99 94 0
109 94 1
120 94 0
123 94 0
193 94 0
219 94 0
238 94 0
243 94 0
93 167 0
93 229 0
93 124 0
93 101 0
93 102 0
137 93 0
167 93 0
229 93 0
244 93 0
92 150 1
92 226 0
92 213 0
92 228 0
92 233 0
92 96 0
96 92 0
150 92 0
213 92 0
226 92 0
233 92 0
91 99 1
91 238 1
91 94 0
91 193 0
91 109 0
91 243 0
91 219 0
94 91 0
99 91 0
109 91 0
193 91 0
219 91 0
238 91 0
243 91 0
90 127 1
90 234 0
90 202 0
90 149 0
90 164 0
127 90 0
164 90 0
215 90 0
234 90 0
89 232 0
89 187 0
89 179 0
89 237 0
89 218 0
89 246 0
168 89 0
179 89 0
187 89 0
194 89 0
218 89 0
232 89 0
237 89 0
240 89 0
88 223 1
88 224 1
88 170 0
88 169 0
88 138 0
88 202 0
138 88 0
151 88 0
169 88 0
170 88 0
223 88 0
224 88 0
87 181 1
87 121 0
87 136 1
87 115 0
87 144 0
87 146 0
87 228 0
115 87 0
121 87 0
136 87 0
144 87 0
146 87 0
157 87 0
181 87 0
201 87 0
228 87 0
86 100 0
86 208 0
86 236 0
86 117 0
86 138 0
100 86 0
117 86 0
138 86 0
208 86 0
85 93 1
85 229 1
85 143 0
85 209 0
85 244 0
85 167 0
93 85 0
137 85 0
141 85 0
143 85 0
209 85 0
229 85 0
244 85 0
84 244 0
84 209 0
84 132 0
84 85 0
84 93 0
84 124 0
84 141 0
209 84 0
244 84 1
83 191 1
83 220 1
83 204 0
83 212 0
83 177 0
83 241 0
83 216 0
83 221 0
83 175 0
177 83 0
191 83 0
204 83 0
212 83 0
216 83 0
220 83 0
221 83 0
241 83 0
82 221 0
82 212 1
82 242 0
82 217 0
82 191 0
82 177 0
82 190 0
82 83 0
83 82 0
177 82 0
191 82 0
212 82 0
217 82 0
221 82 0
242 82 0
81 170 1
81 88 1
81 169 0
81 223 0
81 138 0
81 224 0
81 202 0
88 81 0
138 81 1
169 81 0
170 81 0
223 81 0
224 81 0
80 197 1
80 227 0
80 162 0
80 179 0
80 103 0
80 134 0
103 80 0
162 80 0
179 80 0
197 80 0
227 80 0
232 80 0
246 80 0
79 120 1
79 243 0
79 112 0
79 123 0
79 193 0
79 109 0
79 137 0
79 95 0
79 94 0
95 79 0
112 79 0
120 79 0
123 79 0
137 79 0
243 79 1
78 181 1
78 201 1
78 115 0
78 121 0
78 146 0
78 87 0
78 157 0
87 78 0
115 78 0
121 78 0
146 78 0
157 78 0
181 78 0
201 78 0
233 78 0
77 210 1
77 216 1
77 106 1
77 204 0
77 101 0
77 102 0
77 124 0
77 132 0
101 77 0
102 77 0
106 77 0
124 77 0
132 77 0
183 77 0
204 77 0
210 77 0
216 77 0
76 218 1
76 205 1
76 161 1
76 194 0
76 246 0
76 179 0
76 89 0
76 103 0
89 76 0
160 76 0
161 76 0
194 76 0
205 76 0
206 76 0
218 76 0
240 76 0
246 76 0
75 199 1
75 178 1
75 235 1
75 196 0
75 195 0
75 175 0
75 236 0
174 75 0
175 75 0
178 75 0
195 75 0
199 75 0
235 75 0
236 75 0
74 184 0
74 140 1
74 192 0
74 163 0
74 156 0
74 107 0
74 142 0
74 158 0
74 230 0
107 74 0
140 74 0
142 74 0
156 74 0
163 74 0
184 74 1
192 74 0
73 145 1
73 126 0
73 113 0
73 119 0
73 171 0
73 197 0
73 162 0
113 73 0
119 73 0
126 73 0
145 73 0
171 73 0
72 158 1
72 230 1
72 172 0
72 192 0
72 107 0
72 104 0
72 156 0
72 163 0
72 184 0
156 72 0
158 72 0
163 72 0
164 72 0
172 72 0
184 72 0
215 72 0
230 72 0
71 142 1
71 114 0
71 203 0
71 140 0
71 74 0
71 189 0
71 131 0
71 192 0
71 107 0
114 71 0
142 71 0
70 219 1
70 109 0
70 94 0
70 123 0
70 91 0
70 104 0
70 99 0
70 155 0
70 95 0
94 70 0
95 70 0
104 70 0
109 70 0
123 70 0
131 70 0
155 70 0
172 70 0
219 70 0
69 179 0
69 246 0
69 89 0
69 232 0
69 80 0
69 103 0
69 197 0
76 69 0
80 69 0
89 69 0
103 69 0
179 69 1
187 69 0
194 69 0
218 69 0
232 69 0
246 69 0
68 228 1
68 96 1
68 213 0
68 150 1
68 92 0
68 226 0
68 121 0
92 68 0
96 68 0
121 68 0
150 68 0
213 68 0
226 68 0
228 68 0
67 233 1
67 226 1
67 150 0
67 92 0
67 201 0
67 121 0
67 68 0
67 228 0
68 67 0
92 67 0
150 67 0
201 67 0
213 67 0
226 67 0
233 67 0
66 161 1
66 246 1
66 103 1
66 179 0
66 69 0
66 197 0
66 119 0
66 76 0
69 66 0
76 66 0
103 66 0
119 66 0
160 66 0
161 66 0
173 66 0
179 66 0
194 66 0
197 66 0
205 66 0
206 66 0
218 66 0
240 66 0
246 66 0
65 137 1
65 167 0
65 93 0
65 85 0
65 229 0
65 112 0
65 174 0
85 65 0
93 65 0
112 65 0
137 65 0
167 65 0
229 65 0
64 168 1
64 187 1
64 237 0
64 182 0
64 232 0
64 134 0
168 64 0
187 64 0
63 65 1
63 137 0
63 167 0
63 93 0
63 85 0
63 229 0
63 112 0
63 174 0
65 63 0
85 63 0
93 63 0
112 63 0
137 63 0
167 63 0
229 63 0
62 167 1
62 108 1
62 241 0
62 183 0
62 178 0
62 220 0
62 101 0
62 102 0
63 62 0
65 62 0
108 62 0
167 62 0
174 62 0
183 62 0
241 62 0
61 233 1
61 67 0
61 226 0
61 201 0
61 92 0
61 150 0
61 121 0
61 78 0
61 68 0
67 61 0
92 61 0
150 61 0
201 61 0
226 61 0
233 61 0
60 173 1
60 161 1
60 119 0
60 66 0
60 103 0
60 246 0
60 205 0
60 126 0
66 60 0
119 60 0
160 60 0
161 60 0
173 60 0
205 60 0
206 60 0
59 171 1
59 113 0
59 162 1
59 145 0
59 126 0
59 227 0
59 197 0
59 73 0
73 59 0
113 59 0
126 59 0
145 59 0
162 59 0
171 59 0
58 159 1
58 141 1
58 143 0
58 209 0
58 229 0
58 238 0
58 193 0
141 58 0
143 58 0
159 58 0
209 58 0
229 58 0
57 78 1
57 115 0
57 146 0
57 157 0
57 181 0
57 201 0
57 87 0
57 121 0
78 57 0
115 57 1
146 57 0
157 57 0
181 57 0
201 57 0
56 114 1
56 203 0
56 142 0
56 189 0
56 131 0
56 140 0
56 155 0
56 107 0
56 192 0
71 56 0
74 56 0
107 56 0
114 56 0
131 56 0
140 56 0
142 56 0
155 56 0
189 56 0
192 56 0
203 56 0
55 242 1
55 190 1
55 217 0
55 82 0
55 195 0
55 175 0
55 196 0
55 212 0
55 177 0
82 55 0
175 55 0
177 55 0
190 55 0
195 55 0
196 55 0
212 55 0
217 55 0
221 55 0
242 55 0
54 167 1
54 62 0
54 63 1
54 65 0
54 108 0
54 93 1
54 183 0
54 101 0
54 102 0
54 85 0
62 54 0
63 54 0
65 54 0
85 54 0
93 54 0
108 54 0
137 54 0
167 54 0
174 54 0
53 223 1
53 202 1
53 169 0
53 88 0
53 170 0
53 149 0
53 81 0
53 225 0
81 53 0
88 53 0
149 53 0
169 53 0
170 53 0
202 53 0
223 53 0
224 53 0
225 53 0
52 207 0
52 168 0
52 64 0
52 117 0
52 187 0
207 52 0
51 100 1
51 236 0
51 86 1
51 235 0
51 174 0
51 208 0
86 51 0
100 51 0
117 51 0
138 51 0
174 51 0
208 51 0
236 51 0
50 90 0
50 127 0
50 202 0
50 169 0
50 170 0
50 53 0
90 50 0
127 50 0
149 50 0
169 50 0
170 50 0
202 50 0
49 127 1
49 149 1
49 202 0
49 225 0
49 234 0
49 90 0
49 50 0
49 53 0
50 49 0
90 49 0
127 49 0
149 49 0
202 49 0
225 49 0
234 49 0
48 122 0
48 153 0
48 227 0
48 135 0
48 176 0
48 134 0
122 48 1
134 48 0
135 48 0
153 48 0
176 48 0
182 48 0
227 48 0
47 228 1
47 136 1
47 144 0
47 128 0
47 166 0
47 68 0
47 87 0
47 121 0
47 200 0
68 47 0
87 47 0
96 47 0
121 47 0
128 47 0
136 47 0
144 47 0
166 47 0
200 47 0
213 47 0
228 47 0
46 64 1
46 168 0
46 239 0
46 186 0
46 52 0
46 182 0
46 237 0
46 187 0
46 176 0
52 46 0
64 46 0
168 46 0
207 46 0
45 82 1
45 221 1
45 242 1
45 217 0
45 212 0
45 55 0
45 191 0
45 190 0
45 177 0
45 83 0
55 45 0
82 45 0
190 45 0
191 45 0
212 45 0
217 45 0
221 45 0
242 45 0
44 207 1
44 52 0
44 151 0
44 118 0
44 117 0
44 110 0
52 44 0
110 44 0
118 44 0
151 44 0
207 44 0
43 197 1
43 103 1
43 119 0
43 126 0
43 80 0
43 66 0
43 246 0
43 162 0
43 179 0
43 161 0
59 43 0
60 43 0
66 43 0
73 43 0
80 43 0
103 43 0
113 43 0
119 43 0
126 43 0
145 43 0
161 43 0
162 43 0
173 43 0
179 43 0
197 43 0
246 43 0
42 132 0
42 210 1
42 77 0
42 124 0
42 216 0
42 106 0
42 101 0
42 102 0
77 42 0
132 42 0
210 42 0
216 42 0
41 202 1
41 53 0
41 50 0
41 169 0
41 223 0
41 49 0
41 149 0
41 170 0
41 127 0
49 41 0
50 41 0
53 41 0
81 41 0
88 41 0
90 41 0
127 41 0
149 41 0
169 41 0
170 41 0
202 41 0
223 41 0
225 41 0
40 84 1
40 244 0
40 132 0
40 124 0
40 93 0
40 85 0
40 101 0
40 102 0
84 40 0
85 40 0
93 40 0
132 40 0
209 40 0
244 40 0
39 119 1
39 73 0
39 126 0
39 60 0
39 145 0
39 173 0
39 43 0
39 113 0
39 103 0
39 161 0
60 39 0
73 39 0
119 39 0
126 39 0
145 39 0
160 39 0
173 39 0
206 39 0
38 134 1
38 182 0
38 237 1
38 122 0
38 232 0
38 80 0
38 227 0
64 38 0
69 38 0
80 38 0
89 38 0
122 38 0
134 38 0
168 38 0
182 38 0
187 38 0
232 38 0
237 38 0
37 132 1
37 40 1
37 84 0
37 42 0
37 124 0
37 244 0
37 101 0
37 102 0
37 106 0
40 37 0
42 37 0
84 37 0
124 37 0
132 37 0
244 37 0
36 58 1
36 159 0
36 209 0
36 141 0
36 238 0
36 143 0
36 91 0
36 244 0
35 232 1
35 69 1
35 187 0
35 89 1
35 237 0
35 179 0
35 38 0
35 80 0
35 134 0
35 182 0
38 35 0
64 35 0
69 35 0
89 35 0
168 35 0
179 35 0
187 35 0
232 35 0
237 35 0
34 42 1
34 132 1
34 210 0
34 37 0
34 77 0
34 124 0
34 106 0
34 101 0
34 102 0
34 216 0
37 34 0
40 34 0
42 34 0
77 34 0
84 34 0
124 34 0
132 34 0
210 34 0
33 168 1
33 64 0
33 46 0
33 52 0
33 187 0
33 237 0
33 182 0
33 232 0
33 35 0
33 89 0
46 33 0
52 33 1
64 33 0
168 33 0
32 130 1
32 180 0
32 211 0
32 234 0
32 133 0
32 139 0
32 127 0
32 222 0
130 32 0
133 32 0
154 32 0
180 32 0
211 32 0
234 32 1
31 238 1
31 91 0
31 99 0
31 159 0
31 193 0
31 58 0
31 94 0
31 243 0
36 31 0
58 31 0
91 31 0
94 31 0
99 31 0
109 31 0
141 31 0
143 31 0
159 31 0
193 31 0
219 31 0
238 31 0
243 31 0
30 157 1
30 110 1
30 146 0
30 115 0
30 118 0
30 57 0
30 151 0
30 44 0
44 30 0
57 30 0
78 30 0
110 30 0
115 30 0
118 30 0
146 30 0
151 30 0
157 30 0
29 96 0
29 128 0
29 166 0
29 231 0
29 97 0
29 152 0
29 165 0
29 129 0
96 29 0
213 29 0
28 50 1
28 90 0
28 72 0
28 41 0
28 169 0
28 127 0
28 202 0
28 170 0
28 230 0
50 28 0
72 28 0
90 28 0
127 28 0
230 28 0
27 86 0
27 51 0
27 138 1
27 100 0
27 236 0
27 174 0
27 112 0
27 208 0
51 27 0
86 27 0
112 27 0
138 27 0
26 165 1
26 129 1
26 231 0
26 97 0
26 152 0
26 147 0
26 148 0
26 98 0
26 222 0
26 166 0
29 26 0
97 26 0
98 26 0
105 26 0
128 26 0
129 26 0
144 26 0
147 26 0
148 26 0
152 26 0
165 26 0
166 26 0
200 26 0
222 26 0
231 26 0
25 120 1
25 79 0
25 95 0
25 112 0
25 138 0
25 170 0
25 123 0
25 169 0
25 81 0
25 28 0
81 25 0
95 25 0
112 25 0
120 25 0
138 25 0
24 188 1
24 185 1
24 116 0
24 198 0
24 196 0
24 190 0
24 195 0
24 135 0
116 24 0
125 24 0
135 24 0
185 24 0
188 24 0
190 24 0
195 24 0
196 24 0
198 24 0
199 24 0
217 24 0
23 31 1
23 159 1
23 238 0
23 58 0
23 91 0
23 99 0
23 193 0
23 141 0
23 143 0
31 23 0
36 23 0
58 23 0
91 23 0
99 23 0
141 23 0
143 23 0
159 23 0
193 23 0
209 23 0
238 23 0
243 23 0
22 117 0
22 207 0
22 208 0
22 86 0
22 224 0
22 44 0
22 100 0
44 22 0
52 22 0
117 22 0
151 22 0
207 22 1
208 22 0
224 22 0
21 205 1
21 160 1
21 206 0
21 76 0
21 173 0
21 240 0
21 194 0
21 218 0
21 161 0
21 60 0
160 21 0
194 21 0
205 21 0
206 21 0
240 21 0
20 211 1
20 32 1
20 234 0
20 130 0
20 164 0
20 180 0
20 127 0
20 133 0
20 90 0
32 20 0
130 20 0
154 20 0
164 20 0
211 20 0
215 20 0
234 20 0
19 201 1
19 78 0
19 121 0
19 67 0
19 181 0
19 233 0
19 87 0
19 57 0
19 226 0
19 61 0
57 19 0
61 19 0
67 19 0
78 19 0
87 19 0
92 19 0
121 19 0
150 19 0
181 19 0
201 19 0
226 19 0
233 19 0
18 96 1
18 228 0
18 47 0
18 68 0
18 128 0
18 166 0
18 213 0
18 29 1
18 200 0
18 144 0
29 18 0
47 18 0
68 18 0
96 18 0
128 18 0
166 18 0
213 18 0
228 18 0
17 116 0
17 188 1
17 24 0
17 198 0
17 185 0
17 135 0
17 125 0
17 153 0
17 196 0
24 17 0
116 17 1
125 17 0
135 17 0
153 17 0
185 17 0
188 17 0
196 17 0
198 17 0
214 17 0
16 214 1
16 199 0
16 235 0
16 75 0
16 245 0
16 196 0
16 125 0
16 116 0
16 236 0
51 16 0
75 16 0
100 16 0
111 16 0
199 16 0
214 16 0
235 16 0
236 16 0
245 16 0
15 50 1
15 41 1
15 90 0
15 202 0
15 127 0
15 49 0
15 28 0
15 149 0
15 53 0
15 169 0
28 15 0
41 15 0
49 15 0
50 15 0
53 15 0
90 15 0
127 15 0
149 15 0
169 15 0
170 15 0
202 15 0
223 15 0
225 15 0
14 180 1
14 139 0
14 133 0
14 32 0
14 234 0
14 222 0
14 225 0
14 130 0
14 147 0
14 148 0
20 14 0
32 14 0
130 14 0
133 14 0
139 14 0
180 14 0
211 14 0
222 14 0
225 14 0
234 14 0
13 245 1
13 125 1
13 111 0
13 214 0
13 135 0
13 239 0
13 186 0
13 176 0
13 116 0
111 13 0
125 13 0
135 13 0
176 13 0
186 13 0
214 13 0
239 13 0
245 13 0
12 22 0
12 117 0
12 208 0
12 207 0
12 86 0
12 224 0
12 44 0
12 100 0
22 12 1
44 12 0
86 12 0
117 12 0
207 12 0
208 12 0
224 12 0
11 12 1
11 22 0
11 117 1
11 208 0
11 207 0
11 86 0
11 224 0
11 44 0
11 100 0
12 11 0
22 11 0
44 11 0
52 11 0
86 11 0
88 11 0
117 11 0
207 11 0
208 11 0
224 11 0
10 196 1
10 199 0
10 24 1
10 195 0
10 116 0
10 188 0
10 190 0
10 17 0
10 185 0
10 16 0
16 10 0
17 10 0
24 10 0
75 10 0
116 10 0
178 10 0
185 10 0
188 10 0
190 10 0
195 10 0
196 10 0
199 10 0
214 10 0
235 10 0
9 122 1
9 134 1
9 48 0
9 182 0
9 38 0
9 176 0
9 227 0
9 153 0
38 9 0
48 9 0
122 9 0
134 9 0
176 9 0
182 9 0
186 9 0
227 9 0
237 9 0
8 9 1
8 122 0
8 134 0
8 48 0
8 227 1
8 38 0
8 182 0
8 176 0
8 153 0
9 8 0
38 8 0
48 8 0
80 8 0
122 8 0
134 8 0
162 8 0
176 8 0
182 8 0
227 8 0
237 8 0
7 86 1
7 27 1
7 51 0
7 100 0
7 208 0
7 236 0
7 138 0
7 117 0
7 11 0
7 12 0
11 7 0
12 7 0
22 7 0
27 7 0
51 7 0
86 7 0
100 7 0
138 7 0
208 7 0
6 193 1
6 243 0
6 23 0
6 143 0
6 31 0
6 159 0
6 238 0
6 229 0
6 99 0
6 141 0
23 6 0
31 6 0
58 6 0
79 6 0
91 6 0
94 6 0
99 6 0
112 6 0
137 6 0
141 6 0
143 6 0
159 6 0
193 6 0
229 6 0
238 6 0
243 6 0
5 131 1
5 155 0
5 189 0
5 70 1
5 219 0
5 104 0
5 203 0
5 172 0
5 56 0
5 94 0
56 5 0
70 5 0
104 5 0
114 5 0
131 5 0
155 5 0
172 5 0
189 5 0
203 5 0
219 5 0
4 110 1
4 118 0
4 157 0
4 146 0
4 115 0
4 30 0
4 151 0
4 105 0
4 87 0
30 4 0
110 4 0
115 4 0
118 4 0
146 4 0
151 4 0
157 4 0
3 48 1
3 153 1
3 135 1
3 122 0
3 176 0
3 125 0
3 9 0
3 8 0
3 17 0
3 116 0
8 3 0
9 3 0
13 3 0
48 3 0
122 3 0
125 3 0
134 3 0
135 3 0
153 3 0
176 3 1
186 3 0
198 3 0
227 3 0
239 3 0
2 118 1
2 151 0
2 110 0
2 4 0
2 105 0
2 224 0
2 30 0
2 225 0
2 157 0
2 146 0
4 2 0
30 2 0
110 2 0
118 2 0
151 2 0
1 174 1
1 235 1
1 75 0
1 178 0
1 236 0
1 199 0
1 16 0
1 62 0
1 175 0
1 195 0
27 1 0
51 1 0
62 1 0
75 1 0
174 1 0
178 1 0
235 1 0
236 1 0
0 227 1
0 162 0
0 153 0
0 48 0
0 198 0
0 122 0
0 59 0
0 3 0
0 8 0
0 185 0
48 0 0
59 0 0
113 0 0
153 0 0
162 0 0
171 0 0
198 0 0
227 0 0
